89 63 152
98 87 185
43 2 45
3 52 55
15 84 99
93 3 96
49 2 51
66 26 92
78 27 105
40 17 57
55 42 97
88 13 101
64 14 78
95 59 154
57 28 85
7 64 71
5 88 93
24 29 53
36 7 43
12 91 103
12 38 50
65 73 138
18 34 52
94 91 185
99 78 177
53 53 106
13 65 78
44 82 126
82 25 107
51 73 124
18 25 43
33 86 119
57 20 77
21 66 87
34 75 109
46 14 60
100 35 135
95 72 167
34 64 98
49 12 61
59 66 125
89 47 136
48 7 55
65 95 160
97 84 181
67 58 125
19 14 33
23 20 43
80 12 92
96 7 103
51 82 133
29 97 126
3 61 64
27 32 59
12 90 102
59 4 63
79 13 92
79 5 84
40 86 126
93 44 137
96 71 167
40 36 76
23 55 78
59 26 85
63 73 136
83 89 172
33 32 65
42 28 70
23 92 115
54 96 150
52 45 97
95 79 174
14 66 80
1 34 35
25 5 30
43 91 134
47 78 125
34 83 117
74 20 94
25 32 57
76 7 83
38 90 128
78 24 102
35 18 53
10 8 18
63 14 77
12 15 27
53 13 66
9 60 69
31 92 123
77 96 173
33 45 78
2 14 16
23 99 122
49 77 126
54 51 105
92 42 134
23 68 91
93 37 130
58 75 133
