0 42
0 42
1 47
2 52
3 57
4 62
5 67
6 72
7 77
8 82
9 87
10 92
11 97
12 102
13 107
14 112
15 117
16 122
17 127
18 132
19 137
20 142
21 147
22 152
23 157
24 162
25 167
26 172
27 177
28 182
29 187
30 192
31 197
32 202
33 207
34 212
35 217
36 222
37 227
38 232
39 237
40 242
41 247
42 252
43 257
44 262
45 267
46 272
47 277
48 282
49 287
50 292
51 297
52 302
53 307
54 312
55 317
56 322
57 327
58 332
59 337
60 342
61 347
62 352
63 357
64 362
65 367
66 372
67 377
68 382
69 387
70 392
71 397
72 402
73 407
74 412
75 417
76 422
77 427
78 432
79 437
80 442
81 447
82 452
83 457
84 462
85 467
86 472
87 477
88 482
89 487
90 492
91 497
92 502
93 507
94 512
95 517
96 522
97 527
98 532
99 537
100 542
101 547
102 552
103 557
104 562
105 567
106 572
107 577
108 582
109 587
110 592
111 597
112 602
113 607
114 612
115 617
116 622
117 627
118 632
119 637
120 642
121 647
122 652
123 657
124 662
125 667
126 672
127 677
128 682
129 687
130 692
131 697
132 702
133 707
134 712
135 717
136 722
137 727
138 732
139 737
140 742
141 747
142 752
143 757
144 762
145 767
146 772
147 777
148 782
149 787
150 792
151 797
152 802
153 807
154 812
155 817
156 822
157 827
158 832
159 837
160 842
161 847
162 852
163 857
164 862
165 867
166 872
167 877
168 882
169 887
170 892
171 897
172 902
173 907
174 912
175 917
176 922
177 927
178 932
179 937
180 942
181 947
182 952
183 957
184 962
185 967
186 972
187 977
188 982
189 987
190 992
191 997
192 1002
193 1007
194 1012
195 1017
196 1022
197 1027
198 1032
199 1037
200 1042
201 1047
202 1052
203 1057
204 1062
205 1067
206 1072
207 1077
208 1082
209 1087
210 1092
211 1097
212 1102
213 1107
214 1112
215 1117
216 1122
217 1127
218 1132
219 1137
220 1142
221 1147
222 1152
223 1157
224 1162
225 1167
226 1172
227 1177
228 1182
229 1187
230 1192
231 1197
232 1202
233 1207
234 1212
235 1217
236 1222
237 1227
238 1232
239 1237
240 1242
241 1247
242 1252
243 1257
244 1262
245 1267
246 1272
247 1277
248 1282
249 1287
250 1292
251 1297
252 1302
253 1307
254 1312
255 1317
256 1322
257 1327
258 1332
259 1337
260 1342
261 1347
262 1352
263 1357
264 1362
265 1367
266 1372
267 1377
268 1382
269 1387
270 1392
271 1397
272 1402
273 1407
274 1412
275 1417
276 1422
277 1427
278 1432
279 1437
280 1442
281 1447
282 1452
283 1457
284 1462
285 1467
286 1472
287 1477
288 1482
289 1487
290 1492
291 1497
292 1502
293 1507
294 1512
295 1517
296 1522
297 1527
298 1532
299 1537
300 1542
301 1547
302 1552
303 1557
304 1562
305 1567
306 1572
307 1577
308 1582
309 1587
310 1592
311 1597
312 1602
313 1607
314 1612
315 1617
316 1622
317 1627
318 1632
319 1637
320 1642
321 1647
322 1652
323 1657
324 1662
325 1667
326 1672
327 1677
328 1682
329 1687
330 1692
331 1697
332 1702
333 1707
334 1712
335 1717
336 1722
337 1727
338 1732
339 1737
340 1742
341 1747
342 1752
343 1757
344 1762
345 1767
346 1772
347 1777
348 1782
349 1787
350 1792
351 1797
352 1802
353 1807
354 1812
355 1817
356 1822
357 1827
358 1832
359 1837
360 1842
361 1847
362 1852
363 1857
364 1862
365 1867
366 1872
367 1877
368 1882
369 1887
370 1892
371 1897
372 1902
373 1907
374 1912
375 1917
376 1922
377 1927
378 1932
379 1937
380 1942
381 1947
382 1952
383 1957
384 1962
385 1967
386 1972
387 1977
388 1982
389 1987
390 1992
391 1997
392 2002
393 2007
394 2012
395 2017
396 2022
397 2027
398 2032
399 2037
400 2042
401 2047
402 2052
403 2057
404 2062
405 2067
406 2072
407 2077
408 2082
409 2087
410 2092
411 2097
412 2102
413 2107
414 2112
415 2117
416 2122
417 2127
418 2132
419 2137
420 2142
421 2147
422 2152
423 2157
424 2162
425 2167
426 2172
427 2177
428 2182
429 2187
430 2192
431 2197
432 2202
433 2207
434 2212
435 2217
436 2222
437 2227
438 2232
439 2237
440 2242
441 2247
442 2252
443 2257
444 2262
445 2267
446 2272
447 2277
448 2282
449 2287
450 2292
451 2297
452 2302
453 2307
454 2312
455 2317
456 2322
457 2327
458 2332
459 2337
460 2342
461 2347
462 2352
463 2357
464 2362
465 2367
466 2372
467 2377
468 2382
469 2387
470 2392
471 2397
472 2402
473 2407
474 2412
475 2417
476 2422
477 2427
478 2432
479 2437
480 2442
481 2447
482 2452
483 2457
484 2462
485 2467
486 2472
487 2477
488 2482
489 2487
490 2492
491 2497
492 2502
493 2507
494 2512
495 2517
496 2522
497 2527
498 2532
499 2537
500 2542
501 2547
502 2552
503 2557
504 2562
505 2567
506 2572
507 2577
508 2582
509 2587
510 2592
511 2597
512 2602
513 2607
514 2612
515 2617
516 2622
517 2627
518 2632
519 2637
520 2642
521 2647
522 2652
523 2657
524 2662
525 2667
526 2672
527 2677
528 2682
529 2687
530 2692
531 2697
532 2702
533 2707
534 2712
535 2717
536 2722
537 2727
538 2732
539 2737
540 2742
541 2747
542 2752
543 2757
544 2762
545 2767
546 2772
547 2777
548 2782
549 2787
550 2792
551 2797
552 2802
553 2807
554 2812
555 2817
556 2822
557 2827
558 2832
559 2837
560 2842
561 2847
562 2852
563 2857
564 2862
565 2867
566 2872
567 2877
568 2882
569 2887
570 2892
571 2897
572 2902
573 2907
574 2912
575 2917
576 2922
577 2927
578 2932
579 2937
580 2942
581 2947
582 2952
583 2957
584 2962
585 2967
586 2972
587 2977
588 2982
589 2987
590 2992
591 2997
592 3002
593 3007
594 3012
595 3017
596 3022
597 3027
598 3032
599 3037
600 3042
601 3047
602 3052
603 3057
604 3062
605 3067
606 3072
607 3077
608 3082
609 3087
610 3092
611 3097
612 3102
613 3107
614 3112
615 3117
616 3122
617 3127
618 3132
619 3137
620 3142
621 3147
622 3152
623 3157
624 3162
625 3167
626 3172
627 3177
628 3182
629 3187
630 3192
631 3197
632 3202
633 3207
634 3212
635 3217
636 3222
637 3227
638 3232
639 3237
640 3242
641 3247
642 3252
643 3257
644 3262
645 3267
646 3272
647 3277
648 3282
649 3287
650 3292
651 3297
652 3302
653 3307
654 3312
655 3317
656 3322
657 3327
658 3332
659 3337
660 3342
661 3347
662 3352
663 3357
664 3362
665 3367
666 3372
667 3377
668 3382
669 3387
670 3392
671 3397
672 3402
673 3407
674 3412
675 3417
676 3422
677 3427
678 3432
679 3437
680 3442
681 3447
682 3452
683 3457
684 3462
685 3467
686 3472
687 3477
688 3482
689 3487
690 3492
691 3497
692 3502
693 3507
694 3512
695 3517
696 3522
697 3527
698 3532
699 3537
700 3542
701 3547
702 3552
703 3557
704 3562
705 3567
706 3572
707 3577
708 3582
709 3587
710 3592
711 3597
712 3602
713 3607
714 3612
715 3617
716 3622
717 3627
718 3632
719 3637
720 3642
721 3647
722 3652
723 3657
724 3662
725 3667
726 3672
727 3677
728 3682
729 3687
730 3692
731 3697
732 3702
733 3707
734 3712
735 3717
736 3722
737 3727
738 3732
739 3737
740 3742
741 3747
742 3752
743 3757
744 3762
745 3767
746 3772
747 3777
748 3782
749 3787
750 3792
751 3797
752 3802
753 3807
754 3812
755 3817
756 3822
757 3827
758 3832
759 3837
760 3842
761 3847
762 3852
763 3857
764 3862
765 3867
766 3872
767 3877
768 3882
769 3887
770 3892
771 3897
772 3902
773 3907
774 3912
775 3917
776 3922
777 3927
778 3932
779 3937
780 3942
781 3947
782 3952
783 3957
784 3962
785 3967
786 3972
787 3977
788 3982
789 3987
790 3992
791 3997
792 4002
793 4007
794 4012
795 4017
796 4022
797 4027
798 4032
799 4037
800 4042
801 4047
802 4052
803 4057
804 4062
805 4067
806 4072
807 4077
808 4082
809 4087
810 4092
811 4097
812 4102
813 4107
814 4112
815 4117
816 4122
817 4127
818 4132
819 4137
820 4142
821 4147
822 4152
823 4157
824 4162
825 4167
826 4172
827 4177
828 4182
829 4187
830 4192
831 4197
832 4202
833 4207
834 4212
835 4217
836 4222
837 4227
838 4232
839 4237
840 4242
841 4247
842 4252
843 4257
844 4262
845 4267
846 4272
847 4277
848 4282
849 4287
850 4292
851 4297
852 4302
853 4307
854 4312
855 4317
856 4322
857 4327
858 4332
859 4337
860 4342
861 4347
862 4352
863 4357
864 4362
865 4367
866 4372
867 4377
868 4382
869 4387
870 4392
871 4397
872 4402
873 4407
874 4412
875 4417
876 4422
877 4427
878 4432
879 4437
880 4442
881 4447
882 4452
883 4457
884 4462
885 4467
886 4472
887 4477
888 4482
889 4487
890 4492
891 4497
892 4502
893 4507
894 4512
895 4517
896 4522
897 4527
898 4532
899 4537
900 4542
901 4547
902 4552
903 4557
904 4562
905 4567
906 4572
907 4577
908 4582
909 4587
910 4592
911 4597
912 4602
913 4607
914 4612
915 4617
916 4622
917 4627
918 4632
919 4637
920 4642
921 4647
922 4652
923 4657
924 4662
925 4667
926 4672
927 4677
928 4682
929 4687
930 4692
931 4697
932 4702
933 4707
934 4712
935 4717
936 4722
937 4727
938 4732
939 4737
940 4742
941 4747
942 4752
943 4757
944 4762
945 4767
946 4772
947 4777
948 4782
949 4787
950 4792
951 4797
952 4802
953 4807
954 4812
955 4817
956 4822
957 4827
958 4832
959 4837
960 4842
961 4847
962 4852
963 4857
964 4862
965 4867
966 4872
967 4877
968 4882
969 4887
970 4892
971 4897
972 4902
973 4907
974 4912
975 4917
976 4922
977 4927
978 4932
979 4937
980 4942
981 4947
982 4952
983 4957
984 4962
985 4967
986 4972
987 4977
988 4982
989 4987
990 4992
991 4997
992 5002
993 5007
994 5012
995 5017
996 5022
997 5027
998 5032
999 5037
