5 63 53 290
93 15 89 390
38 66 31 263
7 34 65 270
88 36 8 184
53 35 43 252
39 12 84 315
78 72 95 507
34 5 7 65
44 89 34 324
63 8 49 226
15 70 75 380
42 26 63 283
31 55 3 150
43 14 58 245
40 35 14 152
91 57 75 430
28 7 92 318
42 65 15 217
99 69 88 501
2 36 49 221
86 75 81 479
63 92 78 481
43 79 100 501
47 28 71 316
51 37 99 422
69 73 53 374
45 71 74 409
86 68 36 330
45 43 93 410
86 48 78 416
46 76 96 486
97 68 60 413
87 19 56 293
37 78 44 325
13 55 10 153
83 43 70 379
4 13 68 234
5 30 13 104
73 63 64 391
