0.749080237694725 9.077805995357114
1.9014286128198323 24.175246359939887
1.4639878836228102 17.175314183751077
1.1973169683940732 13.711938287238675
0.31203728088487304 5.770112042004584
0.3119890406724053 5.769803590180433
0.11616722433639892 4.608609597826117
1.7323522915498704 21.26328350725289
1.2022300234864176 13.770689983860564
1.416145155592091 16.51167624176515
0.041168988591604894 4.2092696025647465
1.9398197043239886 24.874573745568874
1.6648852816008435 20.175512717332428
0.4246782213565523 6.522389986761727
0.36364993441420124 6.106776987123748
0.36680901970686763 6.127819679569075
0.6084844859190754 7.895575884435489
1.0495128632644757 12.028526087954365
0.8638900372842315 10.13442533703816
0.5824582803960838 7.689608412034058
1.223705789444759 14.029663367586975
0.27898772130408367 5.56146428968145
0.5842892970704363 7.703970875773788
0.7327236865873834 8.934080246908891
0.9121399684340719 10.604148403860103
1.5703519227860272 18.720017910126312
0.39934756431671947 6.347538446535534
1.0284688768272232 11.801771412687357
1.184829137724085 13.563429330591022
0.09290082543999545 4.482166147165266
1.2150897038028767 13.925339832250115
0.34104824737458306 5.957703378017642
0.13010318597055903 4.68547072569331
1.8977710745066665 24.10936999702877
1.9312640661491187 24.71747802396548
1.6167946962329223 19.42519461117589
0.6092275383467414 7.901513974969298
0.19534422801276774 5.0567669809845
1.3684660530243138 15.869091677660055
0.8803049874792026 10.292489075610476
0.24407646968955765 5.34679921774963
0.9903538202225404 11.39904033429907
0.06877704223043679 4.353508441614668
1.8186408041575641 22.715648511601753
0.5175599632000338 7.1928554047737
1.325044568707964 15.299927997019601
0.6234221521788219 8.015569244880341
1.0401360423556216 11.927098928983295
1.0934205586865593 12.511869428286076
