0.74908024 8.12224241
1.90142861 14.23086154
1.46398788 11.28652105
1.19731697 9.86713585
0.31203728 7.19473453
0.31198904 7.19467432
0.11616722 7.02698965
1.73235229 13.00208892
1.20223002 9.89071406
1.41614516 11.0109342
0.04116899 7.00338977
1.9398197 14.52580097
1.66488528 12.543686
0.42467822 7.36070318
0.36364993 7.26448255
0.36680902 7.26909771
0.60848449 7.74050674
1.04951286 9.2029545
0.86389004 8.49261199
0.58245828 7.6785153
1.22370579 9.99491172
0.27898772 7.1556683
0.5842893 7.68278797
0.73272369 8.073768
0.91213997 8.66399864
1.57035192 11.93201032
0.39934756 7.31895695
1.02846888 9.11549646
1.18482914 9.80764017
0.09290083 7.01726113
1.2150897 9.95288598
0.34104825 7.23262781
0.13010319 7.03385368
1.89777107 14.2030701
1.93126407 14.45956179
1.6167947 12.22805018
0.60922754 7.74231639
0.19534423 7.07631873
1.36846605 10.74539868
0.88030499 8.54987374
0.24407647 7.11914665
0.99035382 8.96160138
0.06877704 7.00946056
1.8186408 13.61490875
0.51755996 7.53573663
1.32504457 10.51148622
0.62342215 7.77731036
1.04013604 9.16376597
1.09342056 9.39113704
0.36970891 7.27336936
1.93916926 14.5207548
1.55026565 11.80664715
1.87899788 14.06126609
1.7896547 13.4057279
1.19579996 9.85987508
1.84374847 13.79881684
0.176985 7.06264738
0.39196572 7.30727426
0.09045458 7.01636406
0.65066066 7.84671859
0.77735458 8.20856028
0.54269806 7.58904238
1.65747502 12.49444687
0.71350665 8.01818349
0.56186902 7.63139359
1.08539217 9.35615231
0.28184845 7.1588771
1.60439396 12.14815997
0.14910129 7.04446239
1.97377387 14.79156661
1.54448954 11.77089587
0.39743136 7.31590338
0.01104423 7.00024395
1.63092286 12.31981873
1.41371469 10.99717844
1.45801434 11.25161161
1.54254069 11.75886358
0.1480893 7.04386088
0.71693146 8.02798143
0.23173812 7.10740511
1.72620685 12.95958019
1.24659625 10.10800444
0.66179605 7.87594802
0.1271167 7.03231731
0.62196464 7.77368004
0.65036664 7.84595354
1.45921236 11.2586014
1.27511494 10.25183623
1.77442549 13.2971716
0.94442985 8.78389548
0.23918849 7.11442227
1.42648957 11.06974501
1.5215701 11.63035112
1.1225544 9.52025674
1.54193436 11.75512314
0.98759119 8.95067273
1.04546566 9.18599689
0.85508204 8.46233058
0.05083825 7.00516906
0.21578285 7.09312448
