586 327 191622 191622
48 983 47184 47184
558 98 54684 54684
276 379 104604 104604
484 103 49852 49852
901 924 832524 832524
261 170 44370 44370
979 25 24475 24475
549 590 323910 323910
598 938 560924 560924
279 750 209250 209250
942 716 674472 674472
839 442 370838 370838
596 75 44700 44700
16 880 14080 14080
211 687 144957 144957
779 782 609178 609178
883 153 135099 135099
727 867 630309 630309
518 102 52836 52836
365 381 139065 139065
50 283 14150 14150
60 353 21180 21180
205 160 32800 32800
782 206 161092 161092
86 485 41710 41710
843 807 680301 680301
317 255 80835 80835
759 548 415932 415932
177 390 69030 69030
313 42 13146 13146
681 195 132795 132795
763 283 215929 215929
249 350 87150 87150
183 677 123891 123891
56 294 16464 16464
295 696 205320 205320
861 379 326319 326319
453 720 326160 326160
480 371 178080 178080
78 837 65286 65286
185 700 129500 129500
207 647 133929 133929
943 24 22632 22632
80 850 68000 68000
569 482 274258 274258
362 552 199824 199824
57 743 42351 42351
180 952 171360 171360
10 810 8100 8100
452 515 232780 232780
861 564 485604 485604
556 833 463148 463148
974 920 896080 896080
836 600 501600 501600
505 893 450965 450965
592 334 197728 197728
378 976 368928 368928
765 259 198135 198135
658 702 461916 461916
530 448 237440 237440
881 690 607890 607890
491 683 335353 335353
238 414 98532 98532
79 986 77894 77894
216 642 138672 138672
13 98 1274 1274
234 331 77454 77454
105 1000 105000 105000
396 410 162360 162360
11 602 6622 6622
732 481 352092 352092
999 73 72927 72927
629 264 166056 166056
648 730 473040 473040
767 353 270751 270751
127 203 25781 25781
19 153 2907 2907
667 898 598966 598966
386 50 19300 19300
974 107 104218 104218
112 445 49840 49840
508 717 364236 364236
12 298 3576 3576
101 218 22018 22018
491 611 300001 300001
827 662 547474 547474
50 495 24750 24750
171 664 113544 113544
421 915 385215 385215
664 817 542488 542488
364 593 215852 215852
492 310 152520 152520
293 807 236451 236451
938 5 4690 4690
957 266 254562 254562
534 339 181026 181026
670 339 227130 227130
991 693 686763 686763
22 646 14212 14212
885 859 760215 760215
686 504 345744 345744
541 991 536131 536131
138 257 35466 35466
951 493 468843 468843
682 269 183458 183458
406 792 321552 321552
534 380 202920 202920
112 250 28000 28000
140 215 30100 30100
734 307 225338 225338
850 151 128350 128350
491 261 128151 128151
573 672 385056 385056
341 488 166408 166408
617 675 416475 416475
248 376 93248 93248
858 651 558558 558558
180 464 83520 83520
710 892 633320 633320
592 580 343360 343360
848 702 595296 595296
428 546 233688 233688
756 499 377244 377244
924 599 553476 553476
576 555 319680 319680
35 57 1995 1995
674 556 374744 374744
277 168 46536 46536
127 162 20574 20574
380 943 358340 358340
632 958 605456 605456
723 780 563940 563940
550 193 106150 106150
691 768 530688 530688
139 117 16263 16263
59 714 42126 42126
914 712 650768 650768
495 986 488070 488070
500 856 428000 428000
936 937 877032 877032
442 88 38896 38896
400 327 130800 130800
808 264 213312 213312
394 624 245856 245856
997 887 884339 884339
566 476 269416 269416
671 305 204655 204655
70 919 64330 64330
851 107 91057 91057
732 741 542412 542412
727 192 139584 139584
151 951 143601 143601
629 918 577422 577422
413 960 396480 396480
827 317 262159 262159
157 7 1099 1099
368 118 43424 43424
252 358 90216 90216
345 883 304635 304635
949 757 718393 718393
803 531 426393 426393
947 867 821049 821049
372 868 322896 322896
176 745 131120 131120
923 20 18460 18460
237 227 53799 53799
692 349 241508 241508
813 896 728448 728448
828 242 200376 200376
426 417 177642 177642
390 879 342810 342810
786 307 241302 241302
995 761 757195 757195
841 30 25230 25230
468 181 84708 84708
172 10 1720 1720
970 900 873000 873000
512 786 402432 402432
323 185 59755 59755
452 286 129272 129272
371 890 330190 330190
899 403 362297 362297
942 765 720630 720630
906 883 799998 799998
80 191 15280 15280
426 618 263268 263268
643 224 144032 144032
208 710 147680 147680
727 951 691377 691377
487 197 95939 95939
781 979 764599 764599
330 822 271260 271260
707 146 103222 103222
824 897 739128 739128
578 526 304028 304028
963 84 80892 80892
41 94 3854 3854
668 695 464260 464260
631 264 166584 166584
353 800 282400 282400
699 812 567588 567588
665 252 167580 167580
71 395 28045 28045
986 870 857820 857820
947 539 510433 510433
648 274 177552 177552
534 705 376470 376470
577 850 490450 490450
334 88 29392 29392
209 85 17765 17765
290 234 67860 67860
500 781 390500 390500
560 964 539840 539840
591 81 47871 47871
306 533 163098 163098
392 582 228144 228144
319 87 27753 27753
952 750 714000 714000
100 45 4500 4500
612 635 388620 388620
554 727 402758 402758
572 348 199056 199056
876 425 372300 372300
489 290 141810 141810
896 447 400512 400512
789 989 780321 780321
401 312 125112 125112
75 969 72675 72675
70 928 64960 64960
22 868 19096 19096
188 737 138556 138556
980 376 368480 368480
438 531 232578 232578
307 509 156263 156263
291 561 163251 163251
688 975 670800 670800
272 729 198288 198288
367 990 363330 363330
733 168 123144 123144
902 148 133496 133496
44 216 9504 9504
824 953 785272 785272
916 913 836308 836308
536 914 489904 489904
466 346 161236 161236
671 381 255651 255651
393 612 240516 240516
363 380 137940 137940
994 478 475132 475132
474 456 216144 216144
923 552 509496 509496
162 654 105948 105948
873 888 775224 775224
684 273 186732 186732
428 671 287188 287188
818 461 377098 377098
227 485 110095 110095
713 169 120497 120497
748 302 225896 225896
197 602 118594 118594
826 598 493948 493948
827 882 729414 729414
65 312 20280 20280
64 157 10048 10048
569 265 150785 150785
962 694 667628 667628
212 408 86496 86496
429 1000 429000 429000
612 1 612 612
510 168 85680 85680
724 987 714588 714588
803 264 211992 211992
23 37 851 851
238 6 1428 1428
62 125 7750 7750
707 25 17675 17675
632 278 175696 175696
956 398 380488 380488
43 342 14706 14706
749 505 378245 378245
835 932 778220 778220
468 953 446004 446004
355 168 59640 59640
182 1000 182000 182000
857 338 289666 289666
350 205 71750 71750
964 927 893628 893628
386 64 24704 24704
469 989 463841 463841
356 311 110716 110716
221 145 32045 32045
483 889 429387 429387
690 199 137310 137310
549 991 544059 544059
992 534 529728 529728
726 865 627990 627990
371 674 250054 250054
489 258 126162 126162
326 796 259496 259496
932 329 306628 306628
228 80 18240 18240
735 756 555660 555660
226 270 61020 61020
179 898 160742 160742
198 795 157410 157410
721 997 718837 718837
394 26 10244 10244
447 434 193998 193998
186 616 114576 114576
723 83 60009 60009
164 369 60516 60516
427 511 218197 218197
680 334 227120 227120
109 50 5450 5450
893 173 154489 154489
317 198 62766 62766
664 409 271576 271576
781 289 225709 225709
455 310 141050 141050
559 60 33540 33540
84 804 67536 67536
206 526 108356 108356
249 7 1743 1743
186 174 32364 32364
922 387 356814 356814
618 828 511704 511704
631 80 50480 50480
963 339 326457 326457
196 167 32732 32732
331 779 257849 257849
803 67 53801 53801
669 284 189996 189996
163 141 22983 22983
681 409 278529 278529
416 743 309088 309088
570 487 277590 277590
347 110 38170 38170
426 939 400014 400014
315 994 313110 313110
653 571 372863 372863
292 303 88476 88476
898 40 35920 35920
922 876 807672 807672
519 226 117294 117294
979 318 311322 311322
817 239 195263 195263
966 594 573804 573804
772 663 511836 511836
263 448 117824 117824
661 104 68744 68744
80 772 61760 61760
178 382 67996 67996
815 931 758765 758765
617 24 14808 14808
435 922 401070 401070
929 773 718117 718117
61 593 36173 36173
979 321 314259 314259
473 96 45408 45408
443 696 308328 308328
278 835 232130 232130
876 447 391572 391572
40 985 39400 39400
107 511 54677 54677
643 968 622424 622424
784 302 236768 236768
988 361 356668 356668
660 664 438240 438240
854 534 456036 456036
371 92 34132 34132
819 625 511875 511875
486 493 239598 239598
887 774 686538 686538
569 382 217358 217358
127 39 4953 4953
314 326 102364 102364
474 866 410484 410484
593 339 201027 201027
94 968 90992 90992
880 861 757680 757680
514 966 496524 496524
8 16 128 128
439 211 92629 92629
903 705 636615 636615
951 521 495471 495471
395 220 86900 86900
556 326 181256 181256
351 571 200421 200421
38 337 12806 12806
44 415 18260 18260
774 635 491490 491490
457 881 402617 402617
821 652 535292 535292
886 258 228588 228588
873 688 600624 600624
517 644 332948 332948
94 113 10622 10622
95 416 39520 39520
488 292 142496 142496
942 525 494550 494550
455 220 100100 100100
977 902 881254 881254
11 247 2717 2717
76 56 4256 4256
771 914 704694 704694
74 288 21312 21312
653 759 495627 495627
860 183 157380 157380
458 737 337546 337546
393 981 385533 385533
968 79 76472 76472
715 368 263120 263120
702 461 323622 323622
601 709 426109 426109
445 86 38270 38270
216 107 23112 23112
851 439 373589 373589
182 249 45318 45318
220 863 189860 189860
641 755 483955 483955
346 170 58820 58820
988 69 68172 68172
966 181 174846 174846
538 838 450844 450844
857 62 53134 53134
451 176 79376 79376
731 921 673251 673251
495 115 56925 56925
626 358 224108 224108
495 430 212850 212850
15 315 4725 4725
833 240 199920 199920
23 486 11178 11178
428 452 193456 193456
670 412 276040 276040
291 472 137352 137352
878 258 226524 226524
248 753 186744 186744
125 23 2875 2875
599 520 311480 311480
953 194 184882 184882
879 578 508062 508062
642 765 491130 491130
280 760 212800 212800
753 221 166413 166413
870 953 829110 829110
115 154 17710 17710
60 921 55260 55260
741 392 290472 290472
745 226 168370 168370
425 496 210800 210800
847 165 139755 139755
8 871 6968 6968
967 170 164390 164390
757 314 237698 237698
813 220 178860 178860
515 65 33475 33475
774 985 762390 762390
80 276 22080 22080
540 204 110160 110160
209 103 21527 21527
619 815 504485 504485
268 212 56816 56816
191 317 60547 60547
978 575 562350 562350
522 871 454662 454662
118 629 74222 74222
880 444 390720 390720
358 14 5012 5012
173 392 67816 67816
813 724 588612 588612
673 188 126524 126524
285 54 15390 15390
992 713 707296 707296
828 84 69552 69552
692 158 109336 109336
110 729 80190 80190
450 347 156150 156150
281 212 59572 59572
948 554 525192 525192
127 20 2540 2540
491 474 232734 232734
737 397 292589 292589
24 9 216 216
419 620 259780 259780
928 269 249632 249632
605 537 324885 324885
817 107 87419 87419
459 252 115668 115668
153 75 11475 11475
717 476 341292 341292
378 686 259308 259308
515 214 110210 110210
488 55 26840 26840
788 17 13396 13396
708 418 295944 295944
660 661 436260 436260
678 27 18306 18306
18 371 6678 6678
838 674 564812 564812
851 717 610167 610167
48 786 37728 37728
472 888 419136 419136
884 893 789412 789412
379 738 279702 279702
96 29 2784 2784
793 184 145912 145912
243 169 41067 41067
741 407 301587 301587
261 801 209061 209061
118 473 55814 55814
957 39 37323 37323
237 561 132957 132957
269 834 224346 224346
520 699 363480 363480
311 375 116625 116625
295 486 143370 143370
736 376 276736 276736
150 640 96000 96000
228 45 10260 10260
331 342 113202 113202
672 728 489216 489216
405 402 162810 162810
154 889 136906 136906
179 898 160742 160742
573 660 378180 378180
853 997 850441 850441
856 639 546984 546984
292 467 136364 136364
207 161 33327 33327
360 281 101160 101160
155 659 102145 102145
74 979 72446 72446
540 61 32940 32940
20 230 4600 4600
799 920 735080 735080
523 844 441412 441412
690 468 322920 322920
979 225 220275 220275
215 376 80840 80840
571 706 403126 403126
574 143 82082 82082
723 862 623226 623226
496 177 87792 87792
611 767 468637 468637
103 929 95687 95687
603 372 224316 224316
806 560 451360 451360
624 857 534768 534768
369 69 25461 25461
242 524 126808 126808
198 136 26928 26928
408 117 47736 47736
652 276 179952 179952
645 413 266385 266385
313 560 175280 175280
871 558 486018 486018
923 87 80301 80301
609 211 128499 128499
126 731 92106 92106
825 14 11550 11550
105 606 63630 63630
559 445 248755 248755
181 226 40906 40906
757 986 746402 746402
943 118 111274 111274
577 918 529686 529686
940 130 122200 122200
975 142 138450 138450
325 84 27300 27300
639 788 503532 503532
659 636 419124 419124
219 336 73584 73584
617 605 373285 373285
706 92 64952 64952
505 634 320170 320170
590 32 18880 18880
523 219 114537 114537
981 680 667080 667080
755 317 239335 239335
465 181 84165 84165
463 125 57875 57875
777 379 294483 294483
662 395 261490 261490
173 250 43250 43250
552 273 150696 150696
575 181 104075 104075
548 626 343048 343048
820 179 146780 146780
836 103 86108 86108
820 343 281260 281260
913 998 911174 911174
813 607 493491 493491
612 559 342108 342108
722 409 295298 295298
513 385 197505 197505
664 310 205840 205840
455 373 169715 169715
290 524 151960 151960
47 297 13959 13959
599 704 421696 421696
356 58 20648 20648
430 613 263590 263590
924 573 529452 529452
697 850 592450 592450
448 698 312704 312704
109 69 7521 7521
657 348 228636 228636
840 592 497280 497280
7 339 2373 2373
508 799 405892 405892
629 548 344692 344692
279 906 252774 252774
72 603 43416 43416
228 721 164388 164388
845 288 243360 243360
66 218 14388 14388
329 532 175028 175028
526 427 224602 224602
117 380 44460 44460
975 80 78000 78000
838 685 574030 574030
124 515 63860 63860
622 313 194686 194686
739 38 28082 28082
56 591 33096 33096
569 371 211099 211099
515 26 13390 13390
877 946 829642 829642
584 109 63656 63656
297 256 76032 76032
657 398 261486 261486
124 241 29884 29884
589 121 71269 71269
366 451 165066 165066
247 944 233168 233168
694 235 163090 163090
860 23 19780 19780
900 334 300600 300600
670 525 351750 351750
839 210 176190 176190
199 852 169548 169548
779 389 303031 303031
697 53 36941 36941
876 696 609696 609696
773 898 694154 694154
728 768 559104 559104
793 120 95160 95160
410 214 87740 87740
325 208 67600 67600
882 429 378378 378378
872 289 252008 252008
369 698 257562 257562
908 670 608360 608360
974 602 586348 586348
164 555 91020 91020
135 76 10260 10260
753 490 368970 368970
185 777 143745 143745
883 714 630462 630462
765 897 686205 686205
158 976 154208 154208
119 462 54978 54978
632 83 52456 52456
694 479 332426 332426
998 360 359280 359280
731 509 372079 372079
781 589 460009 460009
736 783 576288 576288
304 734 223136 223136
925 904 836200 836200
184 660 121440 121440
469 230 107870 107870
754 439 331006 331006
25 352 8800 8800
683 539 368137 368137
541 403 218023 218023
131 277 36287 36287
49 728 35672 35672
227 4 908 908
739 76 56164 56164
991 244 241804 241804
784 846 663264 663264
170 657 111690 111690
516 119 61404 61404
27 679 18333 18333
411 166 68226 68226
278 581 161518 161518
322 794 255668 255668
356 503 179068 179068
928 896 831488 831488
605 224 135520 135520
471 350 164850 164850
457 456 208392 208392
32 436 13952 13952
344 533 183352 183352
483 86 41538 41538
598 634 379132 379132
831 884 734604 734604
810 959 776790 776790
923 484 446732 446732
977 718 701486 701486
698 888 619824 619824
895 476 426020 426020
176 309 54384 54384
968 679 657272 657272
514 862 443068 443068
398 506 201388 201388
918 263 241434 241434
241 385 92785 92785
237 183 43371 43371
673 782 526286 526286
217 244 52948 52948
831 34 28254 28254
253 507 128271 128271
633 144 91152 91152
739 595 439705 439705
848 975 826800 826800
536 546 292656 292656
57 121 6897 6897
15 387 5805 5805
234 628 146952 146952
488 120 58560 58560
286 197 56342 56342
341 927 316107 316107
532 359 190988 190988
549 869 477081 477081
181 975 176475 176475
300 715 214500 214500
399 444 177156 177156
378 728 275184 275184
813 61 49593 49593
112 615 68880 68880
946 67 63382 63382
955 922 880510 880510
466 574 267484 267484
577 835 481795 481795
413 297 122661 122661
275 762 209550 209550
839 245 205555 205555
547 153 83691 83691
320 695 222400 222400
585 601 351585 351585
10 297 2970 2970
644 807 519708 519708
482 650 313300 313300
911 762 694182 694182
63 292 18396 18396
988 34 33592 33592
879 17 14943 14943
319 43 13717 13717
718 806 578708 578708
482 966 465612 465612
786 607 477102 477102
329 167 54943 54943
609 179 109011 109011
333 19 6327 6327
2 235 470 470
482 124 59768 59768
732 886 648552 648552
23 827 19021 19021
837 250 209250 209250
115 187 21505 21505
721 585 421785 421785
21 253 5313 5313
530 685 363050 363050
297 617 183249 183249
911 191 174001 174001
45 534 24030 24030
868 248 215264 215264
683 1000 683000 683000
926 151 139826 139826
813 945 768285 768285
524 870 455880 455880
64 190 12160 12160
473 199 94127 94127
754 979 738166 738166
447 359 160473 160473
208 554 115232 115232
10 974 9740 9740
415 441 183015 183015
59 663 39117 39117
912 876 798912 798912
24 227 5448 5448
881 464 408784 408784
836 135 112860 112860
752 192 144384 144384
63 492 30996 30996
254 861 218694 218694
97 628 60916 60916
794 147 116718 116718
903 998 901194 901194
24 782 18768 18768
547 401 219347 219347
404 853 344612 344612
266 777 206682 206682
754 695 524030 524030
90 987 88830 88830
703 478 336034 336034
431 990 426690 426690
694 869 603086 603086
826 436 360136 360136
51 568 28968 28968
250 571 142750 142750
579 224 129696 129696
648 66 42768 42768
409 335 137015 137015
355 526 186730 186730
68 792 53856 53856
490 230 112700 112700
334 483 161322 161322
533 173 92209 92209
837 552 462024 462024
958 582 557556 557556
383 496 189968 189968
667 247 164749 164749
401 314 125914 125914
171 819 140049 140049
186 105 19530 19530
1000 167 167000 167000
672 180 120960 120960
791 579 457989 457989
935 961 898535 898535
973 717 697641 697641
844 49 41356 41356
58 569 33002 33002
828 140 115920 115920
303 230 69690 69690
866 510 441660 441660
723 50 36150 36150
161 382 61502 61502
967 989 956363 956363
254 189 48006 48006
292 162 47304 47304
743 12 8916 8916
571 250 142750 142750
67 404 27068 27068
49 95 4655 4655
42 695 29190 29190
992 902 894784 894784
503 1 503 503
17 366 6222 6222
251 27 6777 6777
22 759 16698 16698
778 173 134594 134594
111 752 83472 83472
660 126 83160 83160
189 498 94122 94122
96 491 47136 47136
48 134 6432 6432
359 909 326331 326331
363 937 340131 340131
792 507 401544 401544
745 204 151980 151980
201 11 2211 2211
312 233 72696 72696
58 72 4176 4176
992 619 614048 614048
515 556 286340 286340
631 68 42908 42908
710 777 551670 551670
485 413 200305 200305
191 286 54626 54626
159 379 60261 60261
307 460 141220 141220
548 27 14796 14796
610 882 538020 538020
784 273 214032 214032
434 947 410998 410998
673 785 528305 528305
639 103 65817 65817
189 144 27216 27216
383 194 74302 74302
724 971 703004 703004
415 747 310005 310005
585 268 156780 156780
46 176 8096 8096
751 398 298898 298898
485 306 148410 148410
474 45 21330 21330
263 11 2893 2893
781 260 203060 203060
351 320 112320 112320
507 820 415740 415740
560 195 109200 109200
991 694 687754 687754
776 174 135024 135024
250 871 217750 217750
654 110 71940 71940
237 306 72522 72522
864 81 69984 69984
425 73 31025 31025
588 202 118776 118776
61 990 60390 60390
639 803 513117 513117
492 306 150552 150552
240 837 200880 200880
887 327 290049 290049
681 73 49713 49713
882 264 232848 232848
194 317 61498 61498
909 269 244521 244521
97 896 86912 86912
169 307 51883 51883
933 207 193131 193131
181 347 62807 62807
244 221 53924 53924
498 233 116034 116034
231 659 152229 152229
930 763 709590 709590
484 819 396396 396396
2 993 1986 1986
584 55 32120 32120
119 469 55811 55811
577 316 182332 182332
442 880 388960 388960
826 83 68558 68558
354 577 204258 204258
692 246 170232 170232
126 304 38304 38304
409 163 66667 66667
885 53 46905 46905
915 389 355935 355935
155 796 123380 123380
731 816 596496 596496
108 188 20304 20304
625 452 282500 282500
432 797 344304 344304
755 122 92110 92110
71 907 64397 64397
57 798 45486 45486
597 277 165369 165369
601 454 272854 272854
276 34 9384 9384
295 358 105610 105610
949 673 638677 638677
4 112 448 448
53 86 4558 4558
49 679 33271 33271
802 265 212530 212530
159 910 144690 144690
462 406 187572 187572
673 223 150079 150079
842 643 541406 541406
964 294 283416 283416
241 561 135201 135201
224 169 37856 37856
26 283 7358 7358
531 762 404622 404622
981 544 533664 533664
12 274 3288 3288
973 534 519582 519582
12 242 2904 2904
655 556 364180 364180
959 262 251258 251258
687 9 6183 6183
817 390 318630 318630
492 215 105780 105780
848 890 754720 754720
760 625 475000 475000
309 880 271920 271920
376 849 319224 319224
465 686 318990 318990
446 709 316214 316214
165 12 1980 1980
894 464 414816 414816
585 547 319995 319995
378 689 260442 260442
551 294 161994 161994
698 77 53746 53746
563 916 515708 515708
820 727 596140 596140
677 358 242366 242366
147 703 103341 103341
187 689 128843 128843
213 522 111186 111186
662 875 579250 579250
8 335 2680 2680
787 115 90505 90505
557 858 477906 477906
39 837 32643 32643
225 269 60525 60525
650 86 55900 55900
814 923 751322 751322
934 381 355854 355854
859 121 103939 103939
824 796 655904 655904
116 742 86072 86072
636 976 620736 620736
491 648 318168 318168
174 384 66816 66816
211 497 104867 104867
674 485 326890 326890
624 266 165984 165984
823 184 151432 151432
929 363 337227 337227
621 25 15525 15525
464 316 146624 146624
768 293 225024 225024
