0 7
1 9
2 15
3 25
4 39
5 57
6 79
7 105
8 135
9 169
10 207
11 249
12 295
13 345
14 399
15 457
16 519
17 585
18 655
19 729
20 807
21 889
22 975
23 1065
24 1159
25 1257
26 1359
27 1465
28 1575
29 1689
30 1807
31 1929
32 2055
33 2185
34 2319
35 2457
36 2599
37 2745
38 2895
39 3049
40 3207
41 3369
42 3535
43 3705
44 3879
45 4057
46 4239
47 4425
48 4615
49 4809
50 5007
51 5209
52 5415
53 5625
54 5839
55 6057
56 6279
57 6505
58 6735
59 6969
60 7207
61 7449
62 7695
63 7945
64 8199
65 8457
66 8719
67 8985
68 9255
69 9529
70 9807
71 10089
72 10375
73 10665
74 10959
75 11257
76 11559
77 11865
78 12175
79 12489
